# ConstellationLines.dat: lists of BSC stars to connect in order to draw the constellations.
# Licence: Creative commons Attribution-ShareAlike 4.0 International (CC BY-SA 4.0 - https://creativecommons.org/licenses/by-sa/4.0/)
# Source and documentation: https://github.com/MarcvdSluys/ConstellationLines
# Copyright (c) 2005-2023, Marc van der Sluys - https://hemel.waarnemen.com
#   RotZ |Scl| Tx  Ty  Tz | Size |Nº| Hr de estrellas

And 0.8  2.0 20 -100 -120 512 -500 20 8961 8976 8965 8762 8965   68  165   15  165  163  215  163  165  337  603  337  464  337  269  226
Ant 1.7  2.0 0    0   -100 256 0 5 4273 4104 3871 3765 4104
Aps -2.75 3.0 25   -30   0 256 0 4 5470 6020 6102 6163
Aql 0.5  2.2 0    50   0 512 0 13 7602 7557 7525 7557 7377 7235 7377 7570 7710 7570 7377 7236 7193
Aqr -1.0  1.2 50   30   0 512 0.7 21 8892 8841 8698  8597 8558 8518 8414 8499 8573 8679 8709 8812 8709 8679 8573 8499 8418 8499 8414 8232 7950
Ara -2.5  2.0 0    0   0 256 0 13 6743 6510 6461 6462 6500 6462 6285 6229 6500 6229 6285 6295 6510
Ari -0.5  2.0 20   -50  20 256 1.5 6  951  888  838  617  553  546
Aur -1.3  2.0 -100    0   0 512 0.5 9 1708 2088 2095 1791 1577 1612 1641 1605 1708
Boo -1.5  2.0 0    0   0 512 -1.8 9 5200 5235 5340 5473 5681 5602 5435 5429 5340
CMa 0.5  1.8 0    0   0 256 0 15 2596 2574 2657 2596 2491 2294 2429 2580 2618 2646 2693 2827 2693 2653 2491
CMi -0.2  4.0 0    0   0 128 0 2 2943 2845
CVn -0.5  4.0 0    0   0 200 -1.2 2 4915 4785
Cae -0.5  2.0 0    0   0 256 0 3 1443 1502 1503
Cam -2.6  2.0 -50    0   0  256 1.5 6 1148 1035 1204 1542 1148 1686
Cap 1.5  1.5 30    0   0 512 0 11 7754 7776 7936 7980 8204 8278 8322 8278 8167 8075 7776
Car 2.3  1.7 100    200  0 600 0 18 2451 2326 2554  3307 3165 3307 3699 3457 3659 3699 4050 4114 4257 4337 4200 4199 4037 3685
Cas -2.5  2.0 0    0   0 256 0 5  542  403  264  168   21
Cen 3.5  2.0 0    0   0 512 -0.2 23 4467 4522 4390 4638 4621 4743 4802 4819 5132 5267 5132 5459 5132 5231 5193 5190 5028 5190 5288 5190 5248 5440 5576
Cep 3.5  2.0 20    0   0 512 2 8 8974 8238 8162 8465 8694 8238 8694 8974
Cet 1.8  1.5 0    0   0 700 0 21  804  718  649 718  813  896  911  804  779  781  811  740  509 188 74 188  334  402  539 708 781
Cha -0.2  2.0 20    0   0  256 0 6 3318 3340 4231 4674 4174 3318
Cir 2.4  1.5 0    0   0 128 -0.7 3 5670 5463 5704
Cnc -0.8  1.8 0    0   0 400 0 8 3572 3461 3249 3461 3449 3262 3449 3475
Col 1.1  1.8 0    0   0 256 0 8 2296 2256 2106 2040 2120 2040 1956 1743
Com -0.8  2.0 20    0   0 256 -0.8 3 4968 4983 4737
CrA 1.6  1.4 0    0   0 128 0 10 6942 7021 7129 7152 7226 7254 7259 7242 7188 7122
CrB -1.0  1.5 0    0   0 128 0 7 5971 5947 5889 5849 5793 5747 5778
Crt 1.6  1.7 0    0   0 256 -1 11 4567 4514 4405 4343 4287 4382 4405 4382 4402 4468 4567
Cru -0.8  1.5 0    0   0 128 -0.9 2 4730 4763
Crux 0.5 1.2 0    0   0 128 0 2 4853 4656
Crv 4.3  2.0 0    0   0 256 0 6 4623 4630 4662 4757 4786 4630
Cyg -1.7  1.8 0    0   0 512 50 11 7417 7615 7796 7949 8115 7949 7796 7924 7796 7528 7420
Del -2.0  1.2 0    -20   0 128 0 6 7852 7882 7906 7948 7928 7882
Dor 2.2  1.4 20    20   0 256 1 8 1338 1465 1674 1922 2015 1922 2102 2015
Dra 2.5  1.5 20    0   200 512 1 17 6688 6705 6536 6554 6688 7310 7582 6927 6636 6396 6132 5986 5744 5291 4787 4434 3751
Equ -2.5  1.5 0    0   0 128 0 5 8131 8178 8123 8097 8131
Eri 0.5  1.6 0    0   0 1000 1.2 30 1666 1560 1520 1463 1298 1231 1136 1084  874  818  919 1003 1088 1173 1213 1240 1464 1393 1347 1195 1189 1106 1008  897  794  789  721  674  566  472
For 0  3.0 0    0   0  256 1.5 2  963  841  
Gem 2.5  1.5 0    0   0 400 0.6 26 2134 2216 2286 2473 2343 2473 2697 2852 2890 2852 2697 2540 2697 2821 2905 2990 2905 2985 2905 2777 2650 2421 2650 2777 2763 2484
Gru 2.0  1.5 20    0   0 256 0 12 8353 8411 8425 8636 8675 8636 8747 8636 8820 8787 8556 8425
Her -0.1  1.8 0    0   0 512 0.7 19 6324 6418 6695 6588 6695 6418 6220 6168 6092 6168 6220 6212 6148 6212 6324 6410 6623 6703 6779
Hor -0.5  1.2 0    0   0 256 0 3  1326  802  934   
Hya 2.3  1.2 -150 -100  0 512 0 18 3492 3482 3410 3418 3454 3492 3547 3665 3845 3748 3903 3994 4094 4232 4450 4552 4958 5020
Hyi -0.5  1.5 0    50   0 256 0 5  591  705  806 1208   98  
Ind 0.5  1.9 0    0   0 256 0 4  8140 7869  7986 8140
LMi 3.3  1.8 0   -40   0 256 0 5 3800  3974 4247 4100 3974
Lac -1  1.4 0    0   0 200 150 12 8498 8485 8579 8632 8579 8523 8579 8572 8541 8538 8585 8572
Leo 2.0  1.8 0    0   0 512 0 18 3873 3905 4031 4057 3975 3982 3852 3982 4359 4399 4386 4399 4359 4357 4359 4534 4357 4057
Lep -2.3  1.5 -20    -20   0 256 0 22 1654 1702 1654 1829 1865 2035 1983 1829 1865 1702 1705 1696 1705 1702 1756 1757 1756 1702 1865 1998 2085 2155
Lib 0.3  1.5 0    0   0 256 0 9 5908 5787 5685 5531 5603 5685 5603 5794 5812
Lup 1.5  1.8 0    0   0 256 -2.3 21 5987 5948 5776 5708 5646 5649 5453 5649 5469 5436 5469 5571 5695 5776 5948 5987 5883 5948 5776 5695 5705
Lyn -0.5  1.5 100    -20  0 512 1.3 8 3705 3690 3612 3579 3275 2818 2560 2238
Lyr 2.3  1.7 0    0   0 256 0 6 7001 7056 7106 7178 7139 7056
Men 3.8  1.5 0    0   0 128 0 4 2261 1953 1629 1677
Mic -1  2.2 0    0   0 256 0 3  8135 8039 7965
Mon 2.5  1.4 -50    0   0 512 1 9 2174 2298 2714 2356 2227 2356 2714 3188 2970 
Mus 1.5  1.5 0    0   0 128 0 7 4798 4773 4923 4844 4798 4671 4520
Nor 3.5  1.5 0    0   0 128 0 7 6115 6072 6024 5962 6072 5962 6115
Oct 3.0  1.3 0    0   0 256 0 4 8630 5339 8254 8630
Oph -0.8  1.4 -40 -50   150 512 0 9 6556 6299 6149 6056 6075 6175 6378 6603 6556
Ori -1.5  1.5 -20   -40   0 512 1.3 30 1948 2004 1713 1852 1790 1879 2061 2124 2199 2159 2047 2135 2199 2124 2061 1948 1903 1852 1790 1543 1552 1567 1601 1567 1552 1543 1544 1580 1638 1676
Pav 0.4  1.8 -20    0   0 256 0 17 7790 7665 7913 8181 7790 7665 7107 6982 7590 7665 7107 7074 6855 6745 6582 6745 7074
Peg -1.2  1.7 -60    50   0 512 2.9 13 8454 8650 8775   15 8775 8781   39   15   39 8781 8634 8450 8308
Per 2.7  1.7 0    0   0 512 0 9  936  941 1017  915 1017 1122 1220 1228 1203
Phe -0.2  1.5 0    0   0 256 2.1 13   99  25 100 429 322 555 440 322 100 338 322 100  99
Pic -0.8  1.4 0    0   0 256 0.7 3 2550 2042 2020
PsA 2.4  1.6 0    0   0  256 0 11 8728 8628 8478 8386 8326 8305 8431 8576 8695 8720 8728
Psc 0  1.5 0    0   200 512 0.8 19  360  383  352  360  437  510  595  489  294  224 9072 8969 8916 8878 8852 8911 8984 9004 8969
Pup 0.5  1.2 0    0   0 256 0 8 2451 2553 2878 3165 3185 3045 2773 2451
Pyx -0.6  1.5 0    0   0 128 0 3 3438 3468 3518
Ret 0.5  3.5 0    0   0 128 0 6 1336 1355 1247 1264 1175 1336
Scl -0.6  1.2 0    0   0 256 0 4  280 8863 8937 280
Sco 2.2  1.5 0    0   0 512 -0.8 17 5985 6084 5953 6084 5944 6084 6134 6165 6241 6247 6271 6380 6553 6615 6580 6527 6508
Sct -1.5  1 0    0   0 256 0 6 7063 6973 6930 7114 7066 7063
Ser 0.5  1.2 0    0   0 256 0 5 6446 6561 6581 6869 7142
Ser 0.5  1.2 0    0   0 256 0 9 5867 5879 5933 5867 5788 5854 5892 5881 6446
Sex 0.3  1.6 0    0   0 200 0 3 4119 3981 3909
Sge 0.8  1.2 0    0   0 128 -1 6 7679 7635 7536 7479 7536 7488
Sgr -1  1.9 -20    0   0 512 -0.7 34 7348 7581 7337 7581 7623 7650 7431 7234 7121 7150 7217 7304 7340 7304 7217 7150 7121 7039 6913 6812 6913 6859 6879 6832 6879 6746 6616 6746 6859 7039 7194 6879 7194 7234
Tau -0.8  1.6 0    0   0 512 0.5 14 1910 1457 1409 1457 1346 1239 1030 1239 1346 1373 1178 1373 1409 1791
Tel 1.5  2 -20    0   0 128 0 2 6897 6905
TrA -2.5 1.2 0    -20   0 128 0 5 6217 5671 5771 5897 6217
Tri 0.5  1.2 0    0   0 128 -250 4  622  664  544  622
Tuc -2  2 0    0   0 256 0 7 8540 8502 8848 9076   77  126 8848
UMa 0.6  1.8 0    50   0 800 2.9 29 5191 5054 4905 4660 4554 4518 4377 4375 4377 4518 4335 4069 4033 4069 4335 4518 4554 4295 4301 4660 4301 3757 3323 3888 4295 3888 3775 3594 3569
UMi 0.9  1.5 50    0   0  256 -0.6 8 424 6789 6322 5903 5563 5735 6116 5903
Vel 0.5  1.2 0    0   0  256 0 11 3207 3447 3485 3734 3940 4216 4167 4023 3786 3634 3207
Vir -0.5  1.7 0    0   0 512 0 19 5487 5338 5315 5056 4963 4826 4681 4517 4681 4826 4910 4932 4910 5107 5264 5511 5264 5107 5056
Vol 3.0  1.5 0    0   0 256 0 8 2803 3223 2736 3024 3223 3347 3615 3223
Vul -3.0  4 0    0   0 128 0 3 7306 7405 7563
